001001001000000000000000000000000000000000000000000
000001001000001100010000000100000000000000000000000
000001110110000000001000000110110000000000000000000
000001100010000000001000000110110000000000000000000
001101010000000000000000000000000000000000000000000
000001001000001100010000000100000100000000000000000
000001100110000000001000000110110000010000000000000
000001011110000000001000000110110000010000000000000
000011010010000000010000001000001100000000000000000
000001001000001100010000000100001000000000000000000
010110001001000000000000000000000000000001100000001
010110001001000000000000000000000000000001100000001
000001001000000010000010000110000000000000000000000
000001001000001100000100000100000000000000000000000
000001001000001000001000000001010000010000000000000
000001110010000000001000000000000000000000000000000
000101000000000000000000000000000011100000000000000
000101000100000000000000000000000011000000000000000
010110000110000011000000000000000000000000000000000
010110000110000011000000000000000000000000000000000
000001001000001011000010010110000000000000000000000
000001001000001011000010010001100000010000000000000
000001001000000010000010000001000000010000000000000
000001000001000000010000000000001100100000000000000
000001000101000000010000000000001100000000000000000
000101100101000000000000000000000010100000000000000
000000000000000000000000000000000000000000000000000
000001001000001100100000000000000000100000000000000
000101110001001001000000010000000010100000000000000
000101110101000000000000000000000010100000000000000
000001001000000010100001000000000000100000000000000
000001001000001100100000000000000000000000000000000
100000000000010000000000000000000000000000000000000
000110000101000000000000000000000010100000000000000
000010010010001000000000101000000000000000000100000
000010000000100000100000000000000000100000000000000
000110010000000000000000000000000011100000000000000
000010110010001000000000101000000000000000000100000
000010010101000000000000000000000000100000000001000
000011000110001000000000101000000000000000000100100
010110101100001000000000101000000000000000000100100
010110001001000000000000000000000000000001100000010
000010001000000000000000101000000000001100001000000
000001001000000000000000101000000000000010010000000
000110110000000000000000000000000011100000000000000
000110110100000000000000000000000011100000000000000
000010110110000000000000000000000000000000000010000
000001001000000010100000000000000000100000000000000
000111000001000000000000000000000010100000000000000
000111000101000000000000000000000010100000000000000
000010011100000010100000000000000000100000000000000
000010100000000000100000000000000000101000000000000
000000000000000000000000000000000000000000000000000
000000000000000000000000000000000000000000000000000
000000000000000000000000000000000000000000000000000
000000000000000000000000000000000000000000000000000
000000000000000000000000000000000000000000000000000
000000000000000000000000000000000000000000000000000
000000000000000000000000000000000000000000000000000
000000000000000000000000000000000000000000000000000
000000000000000000000000000000000000000000000000000
000000000000000000000000000000000000000000000000000
000000000000000000000000000000000000000000000000000
000000000000000000000000000000000000000000000000000