00100100100000000000000000000000000000000000000000000000000
00000100100000110001000000010000000000000000000000000000000
00000111011000000000100000011011000000000000000000010000001
00000110001000000000100000011011000000000000000000010000001
00110101000000000000000000000000000000000000000000000000000
00000100100000110001000000010000010000000000000000000000000
00000110011000000000100000011011000011000000000000010000001
00000101111000000000100000011011000011000000000000010000001
00001100001000000001000000100000110000000000000000010000001
00000100100000110001000000010000100000000000000000000000000
01101001010100000000000000000000000000000110000000100000000
01101001010100000000000000000000000000000110000000100000000
00000100100000001000001000011000000000000000000000000000000
00000100100000110000010000010000000000000000000000000000000
00000100100000100000100000000101000001000000000000000000000
00000111001000000000100000000000000000000000000000010000001
00010100000000000000000000000000001110000000000000000000000
00010100010000000000000000000000001100000000000000000000000
01011000011000001100000000000000000010000000000000010000001
01011000011000001100000000000000000000000000000000010000001
00000100100000101100001001011000000000000000000000000000000
00000100100000101100001001000110000001000000000000000000000
00000100100000001000001000000100000001000000000000000000000
00000100000100000001000000000000110010000000000000000000000
00000100010100000001000000000000110000000000000000000000000
00010110010100000000000000000000001010000000000000000000000
00000000000000000000000000000000000000000000000000000000000
00000100100000110010000000000000000010000000000000000000000
00010111000100100100000001000000001010000000000000000000000
00010111010100000000000000000000001010000000000000000000000
00000100100000001010000100000000000010000000000000000000000
00000100100000110010000000000000000000000000000000000000000
10000000000001000000000000000000000000000000000000000000000
00011000010100000000000000000000001010000000000000000000000
00000000000000000000000000000000000000000000000000000000000
00001000000010000010000000000000000010000000000000000000000
00011001000000000000000000000000001110000000000000000000000
00001001001000100000000010100000000000000000010000010000001
00001010100100000000000000000000000010000000000100000000000
00001100011000100000000010100000000000000000010010010000001
01101010110000100000000010100000000000000000010010000000000
01101001010100000000000000000000000000000110000001000000000
00001011001000100000000010100000000000000000010000010000001
01011000011000001100000000000000000000000000000000010000001
00011011000000000000000000000000001110000000000000000000000
00011011010100000000000000000000001010000000000000000000000
00001011011000000000000000000000000000000000001000010000001
00000100100000001010000100000000000010000000000000000000000
00011100000100000000000000000000001010000000000000000000000
00011100010100000000000000000000001010000000000000000000000
00001001110000001010000100000000000010000000000000000000000
00001010000000000010000000000000000010100000000000000000000
00011101000100000000000000000000001010000000000000000000000
00001001010000100000000010100000000000110000100000000000000
00001111000100000010000000000000000010000000000000000010000
00001101001000000000000000000000000000000000000000000100000
00011110000100000000000000000000001010000000000000000000000
00001110001000000000000000000000000000000000000000000100000
00001111000100000010000000000000000010000000000000000001000
00000100100000100000000010100000000000001001000000000000000
00011111000000000000000000000000001110000000000000000000000
00000000000000000000000000000000000000000000000000000000000
00000000001000000010000000000000000000000000000000000000110
00000000000000000000000000000000000000000000000000000000000